model endpoint-mass-v1
case Jpl2
segments 25
leg 0 2.49918175586105384e0 1.28156878919531425e0 1.95602711899855519e0 1.44659291477200145e3 -6.09819720555528799e-1 7.46497431399506750e-1 2.66107561383852553e-1 -9.51038080893823357e-1 2.99457153781299612e-1 6.94766680880321980e-2 -3.18070657399942114e-1 -2.32566512740089160e-1 -4.21754091627584982e-2 -2.19240428554051602e-6 -6.64164945724779514e-5 3.77574373611596766e-5 3.25338742853554463e-1 -7.80754272651031350e-3 3.63810438021147514e-2 5.53034116963981415e-1 7.43140264538153739e-1 3.21087114790203854e-1 8.80335279256327374e-2 9.48011705650129932e-1 2.94305331324949404e-1 -6.25591134245133129e-1 6.92065978538842774e-1 2.86469643950315600e-1 -9.46336046052832058e-1 2.66595132866752516e-1 1.27763747656220200e-1 -2.08564383437514925e-5 6.10690750424364568e-6 2.32445902033249256e-6 -1.68522269991291331e-6 -1.11867370050585099e-5 3.10765415349428296e-5 -3.45621201243187699e-4 -8.19839623969227892e-6 -2.69650448606258852e-5 8.00324868838232794e-5 1.09986970551720020e-4 1.44341425680844177e-5 -9.41905532555302114e-3 5.16883013547968284e-1 2.21758267766525213e-1 -3.92393750370004568e-1 5.20285103613276068e-1 2.39003624469203840e-1 -9.70548689924340103e-5 5.08437918712335710e-5 6.02959325028167627e-6 9.30190731028546463e-5 2.17367288779173789e-3 -1.89987596109133703e-3 -4.04907502279547589e-6 -1.89542512199118861e-5 2.94762479636837322e-5 -9.43625231314361348e-5 4.29111124685220338e-5 -4.09048186899208218e-6 -1.23909260795518437e-4 7.41233949135406984e-4 1.19510864555123943e-4 2.43735713531988347e-5 5.31903759768411291e-5 6.96105019052568229e-7 2.08182443378460201e-5 3.17354347603712928e-5 3.40640543531902271e-5 5.90119267026761331e-4 1.61873132021509770e-3 4.00486645744364475e-3 1.03250967529327276e-1 3.89185389613481925e-1 2.24257753474074700e-1 -6.18473873290224518e-1 6.68912590145679276e-1 3.47935357687173430e-1
leg 1 1.44606140086202777e3 -5.28960949974659673e-14 3.84087273844702122e-14 1.09208556633191462e-14 -1.55749375190038969e-14 -4.18004162569849673e-14 6.19019891954253531e-14 5.86429944328222339e-15 3.11954982775038318e-13 -1.06845019597564128e-14 -6.56096744237264755e-13 8.76718265005467200e-13 4.29919759983221918e-13 -4.03709701638543831e-12 4.75908230180087081e-12 3.06588181333585803e-12 -4.12322330502031523e-14 2.22764111795002724e-14 2.84927880905687261e-14 -4.19411866890453726e-14 7.12331539801027475e-14 -1.39377080962167377e-18 -8.41265556655124321e-3 3.10919513955568785e-2 1.45188375587061696e-2 -3.76660883508909902e-2 3.24388391610985760e-2 1.69816879970219985e-2 -5.34605438695271616e-14 -1.48771592972696316e-14 4.50325024229149222e-14 -5.03529127943255538e-14 2.45360631070622339e-14 8.12797041484671086e-16 -5.58283667024675057e-12 1.06520949082984384e-11 4.85054668368903258e-12 -3.00315903425197278e-13 2.52119991012712271e-13 1.90160874082154803e-13 -4.39405735705679950e-14 8.18563429952393063e-14 2.86261744788737349e-14 -2.85368542818897974e-14 1.16884320598096701e-14 7.81032172792267124e-15 -7.81895335542127094e-14 -7.68536067264927002e-15 4.19787465389740294e-14 -2.57122465095843645e-3 7.38483047043936910e-3 3.48488118333354236e-3 -3.31888267486345373e-13 2.66286045021381860e-13 5.54859588905419654e-14 -4.18965302633123433e-15 1.00967730942050700e-14 1.00137174218720070e-15 -5.06284575641700461e-14 5.03938949667655674e-14 2.14330547432422804e-14 -1.72130358619616509e-13 3.43981924721258576e-13 1.62884376181783318e-13 -9.23939369044173703e-3 1.22380088493516097e-2 6.09093541088341715e-3 -1.25076254286019319e-13 1.57480790326453738e-13 1.11790309387817473e-13 -1.06611858634317721e-14 1.50283567073480201e-15 8.48986746894629532e-15 -3.47696013477674074e-14 2.58042337738164816e-14 4.81236285612360039e-14
leg 2 1.44544525330835677e3 6.99999818525922773e-2 8.98256179688127071e-2 3.97585262125111777e-2 1.04058445521830046e-13 1.08814839535935021e-13 8.76246605875722065e-14 -3.52116472152371662e-14 1.06239213127080588e-13 5.38024358699117488e-14 -1.93416141876782853e-14 -3.10759727113756151e-14 -7.34384347336021629e-14 -1.08312831099665049e-13 2.32402960062105545e-14 -7.42787849897449197e-14 3.55475493296962650e-14 -1.18128449863188953e-14 -8.86075798702702914e-14 4.19565274917607729e-14 4.37628091940335107e-14 -5.13616597746627778e-14 -8.90829162839265799e-14 -3.65992519040810951e-14 1.26481134093598872e-14 -7.62904737559590496e-14 -1.32724687952463699e-13 -1.00300518584495359e-14 -4.64552110231881585e-14 -8.60342321698705769e-14 -3.19365165392116944e-15 -1.21978747247486119e-13 -7.75696311552194536e-14 -7.29105702272903024e-14 -1.31259611049951469e-13 -1.03491275007720815e-13 -5.38317154842577945e-14 9.99822194286403824e-15 -3.06737303455231788e-14 -4.17599792191148199e-14 8.05756945001443028e-14 -1.19828584309663254e-13 -1.11460018192059253e-13 -9.37605100310495581e-14 -6.42165729520869441e-13 -5.71299524415214031e-13 -7.82057526675910317e-13 -4.44837260233032676e-12 -2.82911378320362310e-12 -8.78444294885501983e-13 -9.49616730746702762e-12 -4.66756422439511486e-12 -4.82845915399325598e-4 -1.25588238302978793e-2 -5.70555968030862695e-3 7.95858529917928532e-11 -2.39570009969453868e-9 -9.32180016875308762e-10 -1.70357777596493913e-13 -8.36967127653828831e-13 -3.47366224215864844e-13 1.66573663844096013e-15 -8.58504184817501561e-13 -1.79647335402819316e-13 -1.63012076787747522e-13 -1.20522656001963622e-13 2.16869881092842741e-14 -5.72504548319435426e-14 -8.74183480856334838e-13 -2.61535229310658987e-13 -5.81319720395088543e-14 -1.90446753216380264e-13 -3.39848433113690819e-14 -6.07507302775906963e-2 -1.23081360302501344e-1 -2.46709686549493289e-2
leg 3 1.44533302419494476e3 -5.06898447795619953e-14 -2.81571870695868199e-14 4.44598120182357770e-15 2.29403228108865679e-3 -6.79151141968454067e-3 -2.94321409602936023e-3 1.52226436735077608e-14 -4.03600605092624920e-14 1.10236695465741573e-14 1.92017862186246714e-14 5.11204247703867896e-15 -4.52720889331810913e-14 3.98410871907466273e-14 -8.24124245648124725e-14 -9.91201181474708589e-14 1.21116622511669640e-14 -3.44200612471202601e-14 -4.73344026291754192e-15 2.61059311951367443e-14 -1.89843203395221269e-14 -3.20632719505984209e-14 -1.18261754874349533e-14 -2.26379082305674764e-14 -3.06575981195787126e-14 -1.40066329085484128e-14 -3.76640233079810434e-14 9.94024012954984200e-15 3.86764609036991474e-14 1.79993333359771683e-14 2.52733549172435128e-14 5.76770653946651687e-15 -3.00203822805772002e-15 1.90883897220515245e-15 4.25275846195830766e-14 -1.79113176513073797e-15 -9.50775744903242124e-15 2.13336994765470746e-16 -9.60958019280321191e-15 1.33483808307380323e-14 6.83047680469691662e-14 -1.09375614133130543e-13 -6.76784870739995922e-14 5.21550238702428209e-14 -4.19529129848673103e-16 2.76019431838708971e-14 2.92980683391409836e-14 1.85797349918774796e-14 3.13126510132846168e-14 7.81337610168416269e-15 1.49323138503227616e-14 6.40738733181524059e-15 -4.92854944095418794e-14 -3.70327663218006870e-14 1.25763594730744043e-15 -5.88916692619234145e-14 -1.10503828963850601e-13 -3.47441008275260759e-14 1.17667067838404648e-14 -2.12074166743068621e-13 -1.06150634841437115e-13 1.45406273357009918e-7 -3.11982895593806821e-7 -1.31368331238222006e-7 8.53280537468548389e-4 -6.25442822943373853e-4 -2.71321174045620025e-4 1.75437890020767304e-12 -6.65489889708625485e-14 -1.32654701093582409e-14 7.94456005547993730e-4 2.09424778266031463e-3 9.08252964515787135e-4 -3.66613234904785952e-3 1.31443494032062623e-3 5.69546528102971494e-4
leg 4 1.44465657466615517e3 -6.61262900062468267e-2 7.75562914657646485e-2 3.36180972440312462e-2 -1.12720314411700087e-13 2.43582368445919049e-13 1.23939703380392802e-13 2.99159705940803877e-14 9.31767427948909390e-14 6.64337280163446537e-15 -1.34736590764970622e-14 8.21970374495461978e-14 4.51294369973223533e-14 4.65679532169289234e-14 1.01369376685042380e-13 -2.88653035199372895e-14 -9.54223780270815221e-15 9.67902926748064565e-14 1.28498662538780124e-14 -4.47385278317184945e-14 8.18564933035203277e-14 5.81264059695477391e-14 2.95797850946538607e-15 5.57781050290845604e-14 1.00313377872717522e-13 8.94220052398963352e-14 -9.98285763125591892e-15 4.63236756093048094e-14 8.04573748499013699e-14 5.92369271078096564e-14 -8.02858723342359980e-15 -6.88013199711313858e-14 6.86584772582209426e-14 4.35341042908140125e-14 2.16334003645364219e-14 9.87454782870449023e-14 4.77173139875432442e-15 1.60319105894644113e-14 2.91228997565701164e-14 1.35403970901224732e-14 1.48989850945766961e-14 3.52380251816680768e-14 2.08032284946325641e-15 8.71723383456322534e-14 -1.36813744335888234e-14 8.96233837603878299e-15 9.58293554700033618e-15 7.16769948321926226e-16 -1.64183222002649501e-14 3.52604681893893763e-14 -1.23482997991990166e-14 -1.00481113016190704e-14 1.01151479367043192e-13 2.50219627945066380e-14 -1.06997891927863605e-14 1.68840969260106107e-13 9.26009549996242146e-14 2.82223187801759610e-14 1.17195569183296872e-13 -6.30903969595923707e-14 9.98674904842056655e-16 1.03913752713393538e-13 -6.24294411772710540e-14 2.71177937910483237e-14 3.93017584506347279e-14 7.24930622250399691e-15 2.55130238520212808e-15 2.22173475892213930e-12 -6.88818559635587302e-13 -5.49750034432980771e-13 1.05970386883793306e-13 -3.34844444551701938e-14 -6.24980991306418979e-14 7.22912148506029001e-2 -5.20596880433502468e-2 -2.25679275178492234e-2
leg 5 1.44022067933102312e3 -7.54759923011366542e-3 -3.29232717325496221e-2 -9.69866307423214620e-3 3.42673388957436834e-13 -3.32607142714076241e-13 -8.46965260579158448e-13 -4.62629961010973759e-12 -7.68853236110501675e-12 -2.14308606148875520e-12 -1.65374412307622010e-2 -2.08077463375145807e-2 -5.91808804216535297e-3 -2.36905851998858186e-5 -3.19598286273978615e-5 -1.24183031746447200e-5 -1.25118965740981462e-11 -1.47085868104215050e-11 -1.23518340838475572e-11 -1.44644589386923883e-13 -5.01685588021579395e-12 -2.12855794652732938e-12 -2.28179542584598768e-12 -3.29129217957294992e-12 -1.62995427842421409e-12 1.81308071919901796e-13 -1.50186541720367705e-12 -4.00613553518779651e-13 -1.26371436190229170e-12 -2.74122677459261292e-12 -1.87165674407939526e-12 -5.00927360328384784e-13 -1.27886560803343641e-12 -1.95598831458298766e-12 -1.06781837520193007e-12 -1.76725737977258054e-13 -1.05097203380976238e-12 -2.78871099476874654e-12 3.27711849359202588e-13 -1.23368657512209094e-12 2.26086256913246692e-13 -5.57138734202525030e-13 -2.34099503390960678e-13 1.21695694850929043e-13 2.21298780150263314e-12 -1.48432302620301688e-12 -3.57348493154945206e-13 3.06469104412376360e-14 5.48660612967689914e-13 -1.88803251218745399e-12 1.83940009380630470e-12 -3.59333682894901507e-13 -5.50827680919381544e-12 5.10479307404518786e-12 -5.49615616115381776e-12 -5.26095102268241229e-12 2.98124762924436983e-12 -3.01498644354830569e-12 -5.08919750302567556e-11 4.47712061166100961e-11 -2.93928344129344255e-11 -8.47044399702394368e-3 6.04550413887523785e-3 -3.36685236593149088e-3 -3.57342316278944066e-11 2.23794370174732527e-11 -1.60606263165656427e-11 -1.80004333447908226e-11 1.29822651459711043e-11 -3.79354099032187796e-12 -2.24255824980128388e-12 6.92895224397436159e-13 6.94690666102142882e-13 -2.11094045459209234e-1 2.41413243666483424e-1 1.18997012273176481e-1
leg 6 1.43633932057310199e3 -8.49021338082471710e-1 3.36259365534382015e-1 2.92569744602714898e-1 -7.24185364685374644e-2 -8.77261427964575423e-3 2.82722514206036300e-2 -2.51385074465059581e-2 -1.16081476230619485e-2 -7.63298919093422998e-3 -8.34958188787253246e-3 1.29433587573172214e-2 3.94007842746899473e-3 -5.80604009173551518e-3 -3.23906874025607552e-3 -7.34212093767324173e-3 -1.29297602537089022e-6 -2.97448465125755364e-5 4.54498199544526611e-5 -7.81629996420234521e-3 -4.25047064294094765e-2 5.64540087710552752e-2 4.47775186659220888e-3 3.01794879715968668e-2 -4.34892769165884166e-2 1.59019036357193194e-2 2.71298102172256063e-2 8.50358540903207831e-3 5.80943673086950214e-4 -5.02251155703251290e-4 6.20980148494606945e-4 -1.68930746466289666e-2 -1.10653802747177768e-3 -1.79601480044089181e-3 -2.71758314082970063e-4 8.97178662054984614e-4 -3.44219504961324456e-5 -5.48986329169310656e-5 -8.87832212180455029e-7 -9.88375090125026144e-5 7.26287632080282260e-4 4.13519763869541878e-3 -2.31162350259695309e-2 1.22092976563983584e-2 -8.57626815937786828e-3 3.48701627139664508e-3 6.54373204536248050e-4 -2.39933297890399368e-4 9.35815874972278764e-4 -7.90151014459380637e-4 5.28355777368894920e-3 1.19687763757604666e-2 2.46206342737196118e-3 -5.78051053207122040e-3 -8.48683673915318418e-3 -1.74723835714094954e-3 -1.06476348852296357e-2 -2.18539063616702807e-3 1.96578081549975518e-2 2.17060354970021255e-2 -1.37916959079277708e-2 5.37175273366701216e-3 -4.77570069237736542e-3 2.61603672477083620e-3 5.13361399230933234e-3 2.68174302597984230e-3 5.81174790693069344e-4 -7.76581250965967175e-5 1.70538884550795972e-4 -5.55958324872859197e-5 8.56587129235590996e-4 -2.49224654846325749e-4 2.35539115296106290e-4 6.44198250104691811e-2 -2.71470540286861302e-2 4.56665081618174980e-4
leg 7 1.43344748800362458e3 1.15342272543128024e-1 1.87951639326554600e-2 4.08570346879560120e-2 -1.30848876151006270e-3 1.52606279431342085e-2 1.83706158849915313e-2 4.09503254518286605e-2 -1.54267734807045989e-2 -6.14465061045982794e-2 -2.65446123602629119e-2 -6.61904996129689376e-3 4.06140736619733152e-3 -1.66887558479673244e-2 -1.10972298303664840e-2 -2.87865803748284625e-2 -2.28606724475616009e-2 3.00392948935677591e-2 4.40775909867713034e-2 -2.73587410317381319e-2 -1.02796740157692253e-2 5.40754455486575514e-3 -6.23839506565261256e-3 -8.75266788190060159e-3 -1.78368847985615822e-2 -2.24339770567391177e-2 1.99624379554796732e-3 -1.60424438728613318e-2 1.94433776887541188e-3 -1.31469941539657954e-2 -6.20492254210145908e-3 1.38041266697812512e-2 -1.69190726510463595e-2 -8.57118046331439842e-3 -2.62281905981977693e-3 3.85550576877870526e-4 -1.30770554098628318e-2 -1.08386782107597925e-2 -1.79815308858624428e-3 -5.34705527730970805e-3 7.41297154615973460e-3 -1.22621580726788859e-2 2.92680835617053423e-2 6.25843601510860190e-3 2.61351533314510241e-2 -9.55621028903324427e-3 1.75494107684228302e-2 -3.03423630699907031e-3 1.66871104643888032e-2 -9.26203423265385684e-3 3.57688124678033764e-2 8.72777648751390904e-3 3.06549353800457426e-2 1.65966697700025041e-3 -3.41981797353640841e-4 -1.78708579024446125e-2 -3.28332401337289720e-3 1.44825730915620048e-2 -6.00880464964493721e-3 -3.43099934117526361e-4 5.41745198818716750e-4 -2.49668405172674798e-4 3.63518134305372900e-2 -1.50095871127601480e-3 7.05311736122805032e-3 -3.88146803960017156e-3 -4.47865268727168971e-3 9.90531949461382309e-3 -8.94118536581051809e-3 -1.13203569260781549e-3 -4.12477865432638174e-2 1.51762752579591154e-2 4.66559015577745831e-2 -2.12354379558121059e-1 -1.49201664908806098e-1 -7.79413159475198652e-2
leg 8 1.42975718627729611e3 -2.43414922704128902e-3 9.64216245767644288e-3 1.23896036001868541e-2 -1.58442399084611084e-3 2.75107646164001645e-3 -4.76626314650513763e-3 -7.97402296877189370e-5 -5.47462339603572529e-5 -1.07774206023546342e-4 1.03714334053484464e-6 2.08058977312975750e-6 6.59201724682464061e-7 -4.58814863955412720e-5 -6.66685575098679756e-5 3.65478592847135817e-5 -2.37682028741151123e-2 2.12968453999657359e-2 5.45047570000517598e-3 -1.34640220004512198e-3 -2.78116098328547363e-4 6.81134261328683317e-4 2.28310543078771799e-6 3.51268544738254813e-6 6.47896395597857159e-7 2.72067677556943707e-5 -8.90212278916559588e-5 1.97383322598292586e-5 -2.84295621775776269e-7 1.29037925403733455e-6 -1.10217024906204705e-6 3.22562593391727810e-5 8.23654653400332319e-7 1.18656826499059236e-5 -1.38754064025710567e-7 2.39074983271749193e-7 9.32855189497880006e-8 -2.02046956046576529e-6 1.56763218290820026e-6 5.23802587159376841e-6 -6.16444949287581765e-4 -7.06098241541489448e-4 6.06538570950619464e-4 1.24386901630939521e-5 -1.75353485524859534e-5 8.18068888687809704e-6 2.96059137658009404e-7 -1.92567427561720988e-5 7.18779479844245868e-6 1.22406587743395626e-4 -5.90596351165593981e-4 -3.57824474595994254e-4 -1.77417667155215099e-6 1.96535526485076602e-6 -3.50016194997651252e-7 -1.49991589957046377e-6 5.64811381683141145e-7 -7.04063897467711444e-7 -6.67818277275841471e-7 9.12033500892248822e-7 -8.94837865644769442e-8 6.94504877343439259e-6 -1.71384690800395873e-6 1.34706302434910770e-6 -8.84680367479422211e-4 -1.23018727884652160e-3 6.64685264390355674e-4 4.51482807832833313e-5 2.02674626140433974e-5 -5.49794622042903137e-6 -7.32295711380850228e-3 -9.73445793170718554e-3 1.47734457676560208e-3 -1.25394272267868367e-1 -2.39543606926877276e-2 -1.17638124545262363e-2
leg 9 1.42409360874419895e3 -7.96555525794135022e-1 -2.42108364824544536e-1 -2.12954459906244606e-2 -3.17958655662496925e-2 4.99186006617507172e-2 1.97550280310795114e-2 9.98395422015409435e-3 -3.87359798555814540e-3 -2.22085465261190121e-2 1.71880888753008776e-2 -2.71238245716338040e-2 2.99114170697457639e-2 4.94605166088796372e-2 -3.07661824241376343e-2 -4.33018105741336187e-2 -3.15871802816099848e-2 5.97563181956940921e-3 -2.90030075240180251e-3 -1.69389681542210686e-2 -4.82684171073345242e-2 3.11546026675755851e-2 -2.46252807082550131e-2 -8.07446066545413135e-3 -1.22038368497244479e-2 2.36583071224479892e-2 6.60437295543907094e-2 -1.44861517562663352e-2 -3.38251585767376933e-2 2.90337989657539070e-2 1.09105173430812711e-3 -1.95031898412011232e-4 1.12763392347798759e-2 2.38023307939711076e-2 2.78042794895141249e-2 6.67021205578380572e-2 -2.03366057981505810e-2 -2.84667158312023397e-2 -1.30068727027873674e-2 3.52335951273354056e-2 2.83989722147426089e-3 -1.58976538490126044e-2 -8.09570939382593668e-2 4.22861175971957284e-2 -1.56848473263202226e-2 1.72490007097005071e-2 1.19001534996532043e-2 -5.05431695630939731e-2 8.06461683700999445e-3 -1.45717556097283533e-2 9.06600083799309750e-4 9.64837437113473181e-3 2.24050423959877218e-2 2.34131960914787723e-3 5.67826280455921428e-3 -9.60020075536018903e-3 8.31388655789856018e-3 3.97378515247297399e-3 2.08498923375841951e-2 2.80716949730270109e-2 6.65529687801869052e-3 -9.33373721517429152e-3 3.48448759871565344e-2 -1.61720288672072415e-2 -2.22211168416669332e-2 -3.54189941603274411e-3 -8.98477283826446850e-3 2.57544661853722871e-3 -1.53331101570452800e-2 3.89911814809271737e-3 3.04827903113400502e-2 -2.48159937714123487e-2 2.32332102125614890e-3 -2.12519336918751828e-2 -2.04480575910344310e-3 2.49878542738351320e-2
